100,7855
150,5643
200,9397
250,15973
300,23391
350,25665
400,32293
450,40584
500,49183
550,65012
600,74735
650,84448
700,100687
750,107508
800,137865
850,149664
900,160480
950,196617
1000,220522
1050,243937
1100,309261
1150,265274
1200,276794
1250,304707
1300,348812
1350,360420
1400,396813
1450,426295
1500,465553
1550,483338
1600,524811
1650,562987
1700,581585
1750,631123
1800,669266
1850,697726
1900,740597
1950,777937
2000,799813
2050,855710
2100,906936
2150,933988
2200,1001480
2250,1030292
2300,1055887
2350,1131993
2400,1169441
2450,1212425
2500,1256106
2550,1308659
2600,1366475
2650,1401217
2700,1495930
2750,1565778
2800,1572681
2850,1620328
2900,1651267
2950,1718541
3000,1732841
3050,1791308
3100,1839401
3150,1944537
3200,1899385
3250,2032273
3300,2144319
3350,2279843
3400,2302024
3450,2358446
3500,2471162
3550,2488484
3600,2571945
3650,2653067
3700,2727824
3750,2769876
3800,2871649
3850,2999799
3900,3080714
3950,3062109
4000,3077850
4050,3103517
4100,3252141
4150,3309495
4200,3498804
4250,3664876
4300,3678670
4350,3851618
4400,3845316
4450,3827369
4500,3920918
4550,4049749
4600,4173587
4650,4291236
4700,4392334
4750,4531554
4800,4593642
4850,4613800
4900,4817850
4950,4570163
5000,5061596
5050,5102765
5100,5161653
5150,5277541
5200,5164058
5250,5454857
5300,5532659
5350,5635562
5400,5670060
5450,5749738
5500,6168671
5550,6167995
5600,5972180
5650,6145978
5700,6158972
5750,6343484
5800,6335946
5850,6417597
5900,6728314
5950,6973159
6000,6868417
6050,7121654
6100,7159570
6150,7380711
6200,7549364
6250,7240771
6300,7734405
6350,7718233
6400,7985240
6450,7922461
6500,8348030
6550,8309680
6600,8684873
6650,8680982
6700,8722770
6750,8743148
6800,8983821
6850,9057028
6900,8687372
6950,8915335
7000,8852412
7050,9010876
7100,9162412
7150,9315175
7200,10056493
7250,10384009
7300,10578057
7350,10420585
7400,10100376
7450,10158131
7500,10374240
7550,10207105
7600,11066600
7650,11518662
7700,11425431
7750,11274313
7800,11406743
7850,11248193
7900,11929634
7950,11765173
8000,11791018
8050,11902208
8100,12050701
8150,12136974
8200,12327148
8250,12867516
8300,13470735
8350,13031389
8400,12874948
8450,12963766
8500,13107084
8550,13295968
8600,13807755
8650,14935965
8700,14361886
8750,14126382
8800,15035815
8850,15721757
8900,15536742
8950,15827235
9000,15980830
9050,16099494
9100,16396204
9150,16082302
9200,15583712
9250,16045214
9300,15693115
9350,15762764
9400,16042317
9450,16350751
9500,16338534
9550,16704561
9600,16708858
9650,17077824
9700,18684471
9750,18683766
9800,19159935
9850,19308450
9900,19541735
9950,19980451
10000,20326742
